1.168408173914511572e+00
3.876786742914168915e+00
1.311603846678718877e-01
8.697453414488206747e+00
3.493735501656050957e+00
3.453411549461958163e+00
2.358011838828432793e+00
2.286853391393438795e+00
4.594183355479857234e+00
6.340186124864692907e-01
6.791732609074342619e+00
1.588522804993993232e+00
3.928956660978394577e+00
9.556312300145396676e+00
3.568194350178201635e+00
4.054226185990380316e+00
6.780406213319941644e-01
6.618173468278624183e-01
5.134191652569553455e+00
9.419683828596857822e+00
4.667131334916348351e+00
3.150704608714922195e+00
4.703667604978593708e+00
3.916022135559518613e+00
1.101046431558128091e+00
6.459592138971211206e+00
1.454758789290537813e+00
2.283528132638030783e+00
7.195271950637618374e-01
2.748440381321108017e+00
6.403193120825304563e-01
4.472369089516669227e+00
3.386921521599100426e+00
7.020138513695774130e+00
6.515659397393879892e+00
3.418516095690108170e+00
4.727056384163811131e+00
9.131108180579083466e+00
2.686092154248584940e+00
8.132350080451967500e+00
6.665686056758516109e+00
8.190642034950455397e+00
2.135365505086334270e+00
4.398105842110791031e+00
6.381625277840760724e+00
7.313039878165505492e+00
5.182128853033714400e+00
7.757272465012701623e+00
1.126716385428107259e+00
2.595102727834075029e+00
1.487027017095971182e+00
6.398590641460986106e+00
3.867792063481374054e+00
7.313136434035301114e+00
1.435089703953285278e+00
7.104883145230456165e-01
8.464219910098881527e+00
2.696511524089260536e+00
5.380262329432229151e+00
8.107004463738491040e+00
3.621412875236727086e-02
3.964075772872884595e+00
1.885521740448580008e+00
7.463710157592001217e-03
7.038464189304555418e+00
3.304842227687484257e+00
8.664559897852345927e+00
4.833107810515661740e+00
2.447848989838771860e+00
2.190140265025642297e+00
2.625667418621079108e+00
2.832958904866277550e+00
1.097272605754305408e+00
3.199303540126384959e+00
3.268516661848229976e+00
9.232549386144706105e+00
2.812152211221626175e+00
1.798840176936995050e+00
5.973719712232543166e+00
8.278161676907876299e+00
5.483630526867045774e+00
2.754368442339572010e-01
2.756558270641786823e+00
4.372885195068366038e+00
1.292864711302326608e+00
6.403790042133288729e+00
6.265951564580337418e+00
6.354573222985224312e+00
1.825606796232012607e+00
5.976800551337797529e+00
5.790413071763880204e+00
6.332856725006281273e+00
4.855430926450300610e+00
4.219321011058116078e+00
3.643503305043050755e+00
5.942024165912044964e+00
1.866210057948455292e+00
4.792888391426348704e+00
5.939554018691088011e+00
6.024672292488181036e+00
4.825615125916691284e+00
4.518178236403460168e+00
9.100824301788751569e+00
5.317838985295559873e+00
6.569432855885766642e+00
1.961232212929953977e+00
7.895748199157273994e+00
