4.214986694709851989e+00
6.360264059224682853e+00
3.262786863539072879e+00
8.002529263385159908e+00
9.365713426312285428e-01
2.659998530117747340e+00
7.757935315375824814e+00
5.805902405959084689e+00
6.527113241392604515e+00
9.346252180088806538e-01
6.418284077430128853e+00
2.953998458521429171e+00
3.702200342802186572e+00
4.239650789797168251e+00
8.640246859943978563e+00
2.817737727264826741e+00
2.657989796228336754e+00
8.428550067562351700e+00
4.874253673355910976e+00
3.173741691869677695e+00
2.785676286226838272e+00
2.932929720523382411e+00
4.023028521966641513e+00
5.693594621647666720e+00
4.571833008354174943e+00
9.300106982680182099e+00
2.270204393537475607e+00
4.921199576145029120e+00
1.290763705028820096e-01
7.294336603615067638e+00
3.717844695341245842e+00
4.727788264697786680e+00
4.114323120838371928e+00
2.450173153122198411e+00
4.024001484383973981e+00
1.811095553391534496e+00
4.490274906928697796e+00
9.232140037838501456e+00
1.180318506129276912e+00
7.880877791794430820e+00
4.622896235002642129e+00
4.915305340212714036e+00
1.814348687421446948e+00
7.076344466270738209e+00
7.256723858410628836e+00
5.120315866087870482e+00
1.862803771433995781e+00
6.633990690568467130e+00
6.557317244968107417e+00
6.047192965208132875e+00
5.396684584184527012e+00
6.285320094729724083e+00
8.849046780195148898e+00
2.326765411975709519e+00
2.973400032908682031e-02
9.918423324241159092e-03
6.229553999780816476e+00
4.784854200174850192e+00
3.587272664502914488e+00
2.115921267594617294e+00
3.439366469881512511e+00
5.303953477884694401e+00
5.136301504581277655e+00
5.170719095372655616e+00
2.131013387698311945e+00
5.485487818366700630e+00
5.113231507222155692e+00
1.727192911302246336e-01
1.977686416773400735e+00
7.402070301524809715e+00
3.460988567193648890e+00
6.801812697392205287e+00
3.674999098896587935e+00
8.745579516824840693e-01
8.048948594839341553e+00
3.833023684647749896e+00
8.457845088881017048e+00
6.287323691384131052e+00
5.430654244594755653e+00
3.202333636662629601e+00
1.908779967558186685e+00
6.569848054348274013e-01
8.910725474210924091e+00
8.255800523697464754e+00
9.379623426157076338e+00
5.464186390894565371e-01
4.564408385459481465e+00
1.745927199844808264e+00
5.003387872586986695e+00
7.402877911722040238e+00
8.360507362783026863e+00
6.503767555763927177e+00
8.283146951144313874e+00
1.151892443036319325e+00
4.001080400845991925e+00
1.949333045607447579e+00
6.138641678458224504e+00
4.533523458615259294e+00
7.829797956736435971e+00
5.514711796994673954e+00
1.135690662182057054e+00
4.064932662198084579e+00
4.645785151528722068e+00
2.187878340801273414e+00
3.027643077746906108e+00
8.521676283494601378e+00
2.292861390196003324e+00
