2.174930453738210900e+01
6.984568481857810873e+00
2.640275427529814678e+01
8.466078237032249376e+00
7.855293802342139919e+00
4.091178724989866566e+01
2.320341440567660740e+01
2.254897450640511281e+00
1.555499523139840257e+01
2.578947472980174993e+01
3.752517402128972890e+01
1.496998657769277230e+01
2.399191155327049430e+01
2.219196840774273838e+01
1.790280374216913373e+01
2.487844790163284259e+01
3.419283561761809409e+01
3.196619254708581437e+01
4.011100738213831107e+01
2.760732110520038773e+01
3.465999056442383619e+01
8.110587461491022054e+00
1.394414817043351995e+01
3.808697819413275454e+01
1.885668172214046479e+01
1.169343132180544309e+01
1.893031546083769001e+01
2.115313427922043843e+01
4.049727567980438536e+00
1.975444915044376515e+01
3.149222969251807314e+01
2.685863275655904658e+01
2.508012090027970586e+01
4.131111661925945100e+01
3.873717587232010651e-01
1.490921786707426755e-01
4.730079218308043565e+00
3.773193914805945326e+01
2.919651372270761769e+01
7.917849743746843139e+00
2.938536104223672396e+01
1.830879673382591832e+01
1.759189798507970748e+00
2.796518470991978944e+01
1.279739886174506580e+01
3.245211403955340046e+01
1.094520709652904955e+01
3.423527188248992559e+01
3.909903509743956107e+01
2.875727061324081291e+01
1.619060540618761124e+01
8.745093933534295871e+00
1.838019343288732799e+01
2.252220690524484681e+01
1.769455067300426876e+01
4.744312816445077630e+00
1.718065345606006034e+01
1.402261451310872964e+01
2.907705573277693034e+01
1.067929944494816707e+00
4.945077652109571176e+00
3.450789345818078147e+01
1.201730666267714653e+01
3.042585764086417122e+00
2.281320899322679743e-02
3.715543444995046229e+01
1.077379163959908404e+01
8.096370550902411978e+00
1.588586206493092057e+01
1.029893515573225216e+01
1.392793865497098160e+01
3.629059760677879609e+01
2.068761139782806424e+01
1.614668137633940859e+01
2.873469845652204668e+01
2.669722894911419786e+01
2.225350113901487958e+01
2.716670091387176100e+01
1.655213297070358180e+01
2.993150103023265984e+01
2.811400723221251852e+01
3.786443541916672206e+00
1.742661107242816598e+01
2.637353359783530138e+01
3.609825799608358210e+01
2.126522241202562924e+01
3.310362428834355342e+01
2.437328399653997835e+01
9.621573558359092004e+00
3.011073429588136463e+01
3.191154948663495716e+01
7.416717033195140196e+00
2.579212291733183093e+01
6.130209652088132621e+00
1.723298551524991140e+01
1.596576203654550419e+01
2.862373209544742991e+01
2.915433441855702057e+01
1.362168157244552802e+01
1.113654541712983992e+01
4.893966820413185204e+00
7.019939617454233449e+00
1.328080979066644929e+01
6.872046194995593993e+00
3.016963435107174263e+01
1.151292561535275594e+00
2.797581847858703696e+01
3.000282320559664129e+01
