1.390428558078330035e+01
2.090132047783104241e+01
5.214794574413827988e+00
1.222813771805800620e+01
2.580150944742207031e+01
2.707358656411513742e+00
3.915169681442566940e+01
3.470171364964120642e+01
3.382562555317158370e+01
9.033740915454576026e+00
2.843861917191588873e+01
2.644628840122144453e+01
6.719398131210130742e+00
3.990628585374748383e+01
3.030052705817957914e+01
2.578023344497689351e+01
6.819086045307055421e+00
2.690568111494789250e+01
4.065741556218406316e+01
3.339077563010399530e+01
1.657213014045814958e+01
2.728648008905003408e+01
3.526202064455393526e+01
2.112809390162434653e+01
3.737533199974433984e+01
2.237743135628941005e+00
4.176853416885109738e+01
3.406336601013995136e+01
1.758242370055272374e+01
1.054106237043988159e+01
1.185930214745227573e+01
4.095267288769598935e+01
8.181734116568176063e+00
2.297044401617614540e+01
7.339810292228484911e+00
2.635882906960552674e+01
1.957762273933196795e+01
9.961627959044033531e+00
2.931195599692472697e+01
3.136385894672267582e+01
2.317485246018298994e+01
1.297741447747366372e+01
7.008774592110826873e+00
3.012591770409808234e+01
3.510956235877869602e+01
3.227363775912791510e+01
1.972061080281119816e+00
3.883485191701394967e+01
2.975425760999862845e+01
3.291171337153233623e+01
2.997323618216933028e+01
3.257977671866665759e+01
4.185417909018052285e+01
2.793980326670710568e+01
3.562064054595871454e+01
4.191184180373603141e+01
2.554610246181166389e+01
1.119488268714824564e+01
2.388524451508057211e+01
1.713508105340235943e+01
9.437654069408150548e+00
1.241312184192647194e+01
3.899457297205956507e+01
3.143265372340744435e+01
3.003371359222428794e+01
2.411733854561266988e+00
5.807617814956188340e+00
2.520196989118461772e+01
3.653906405621842168e+01
5.605396765482760557e+00
1.342223848941227970e+01
4.159550207950876199e+01
1.213337285151860279e+01
1.078569532051856861e+01
8.432124261698904499e-01
3.136813086413198093e+01
3.223640001425714985e+01
8.342676066762823694e+00
3.939003447370052413e+01
2.242394679143137637e+01
3.363333527058259165e+01
1.289788385544427740e+01
5.778865970332062396e+00
1.685969401415089663e+01
7.191465235849532345e-01
3.233611812905535743e+01
2.199610202779280854e+01
2.663297446585680461e+01
3.644544152771402423e+01
2.665661003511917571e+01
2.208348922383029844e+01
3.911658195114974035e+01
3.939686795269328456e+01
4.497524445115722358e+00
3.169533162326174391e+01
4.091131832991817419e+01
3.810111123848668058e+01
2.142845962325058196e+01
1.628792001383243004e+01
4.099245865720614290e+01
1.401771294400571222e+01
4.072434551659024748e+01
2.900141086055121775e+01
2.231266653716770776e+01
3.414849248357381128e+01
3.489264884478086515e+01
2.787678029088944598e+01
1.071165385463991981e+00
