2.272652421472469442e+01
4.185635363647904228e+01
4.134645713743073969e+01
4.635956313367594284e+00
1.583818442930679993e+01
4.192914891725506266e+01
6.677322019872398151e+00
1.594524357059618147e+01
5.959096258659934975e+00
2.295128363651067005e+01
2.148057570284338524e+01
2.405980419611884713e+01
3.978235724790955441e+00
5.843793297651919794e+00
3.804789370136112581e+01
5.810822535157956992e+00
2.461003694807560649e+01
4.501177614774680791e+01
2.320818570185721796e+01
1.014952063010921535e+01
1.577415178395561490e+01
3.377124164437686460e+01
4.605577088831030608e+01
5.265232510727449800e+00
1.188451967838468804e+01
3.044161963087464429e+01
3.228428345092497409e+01
1.494182214169563139e+01
2.684258305688137725e+01
6.964714289442958339e+00
3.020886597113991456e+01
1.031059473331539245e+01
2.454674082100412491e+01
7.115780685369390568e+00
3.291358573263206466e+01
2.742413937060105411e+01
3.827182891002293275e+01
1.295314547001055772e+01
3.175041999665793213e+01
2.399437154352601453e+01
4.341543108885493041e+01
4.170538646634761903e+01
1.096740005610487856e+01
4.226689185219763090e+01
1.347700401923315106e+01
4.385561370566503570e+01
1.143221391383343288e+01
4.868697890773137082e+00
3.140290722541926272e+01
1.580029422158418484e+01
6.325197860405542549e-01
6.568191404832116831e+00
