2.404200822627677780e+01
3.532237798326240608e+01
4.125839453739035179e+01
3.534819764272346987e+01
1.683592871329351226e+01
4.432749887956192936e+01
6.856258632141658538e+00
1.538254417274597330e+01
2.319515557012732643e+01
9.714082099419060201e-01
1.284968616505726047e+01
8.878891245052937364e+00
2.486219664997878098e+01
3.677914445217604822e+01
3.486209468636001230e+00
1.300051706560019760e+01
1.616087081154500948e+00
2.337561111458411744e+01
1.097966057588041444e+01
4.382314675961596606e+01
1.464936823766729468e+01
1.412931034674919317e+01
2.525584246822742429e+01
3.536846970538108081e+01
1.420007453006873455e+01
3.545994944003973615e+01
1.274775968175180552e+01
2.193865859941017149e+01
2.708317548817209186e+01
1.044213905016255106e+00
1.292367562585183904e+01
2.999308989508061885e+01
2.378268103132596067e+01
1.261940865033189674e+01
4.131320865907311912e+01
3.759694144436119156e+00
3.303472100082689877e+01
3.810909390686121867e+01
1.137824983829302639e+01
1.393010351637465760e+01
2.028093069886779531e+01
1.721135604747563619e+01
1.290791493545950885e+01
3.814126056160464628e+01
9.016687747746635395e+00
2.082973368708544548e+00
4.469375616267225837e+01
1.299399409955807272e+01
4.422058944345141462e+00
