2.588883273413779218e+00
2.911922097790582864e+00
1.617974759692913489e+00
1.147275759130878203e+00
8.156431615003935320e+00
9.850239130172116830e+00
2.093254919416305704e+00
4.737790875944467572e+00
7.443425190516217427e+00
8.126501729679091568e+00
1.043970215076876507e+01
6.333270436752934884e+00
4.513932048164109645e+00
1.654490162371460960e+00
9.105180038669436371e+00
9.364163687426191984e+00
1.693764915849512942e+00
5.898326565426724954e+00
3.338109798935706252e+00
8.392350529300689033e+00
1.116490992599442222e+01
1.120261320678360484e+01
9.429674820950657121e+00
5.003579955508680399e+00
9.555240004651441410e+00
3.230980163023507767e+00
7.185238905294082379e+00
3.325206309208974087e+00
7.122002165954088859e-01
5.484636313069193747e+00
1.076241142197108314e+00
1.074777695580838133e+00
1.669513154218361883e+00
8.698501696706443909e+00
6.254469753555314426e+00
5.276483364411715726e+00
5.678894958959049610e+00
4.715026375779018508e+00
2.143790061635690414e+00
1.054318334502209709e+01
2.690412179186366437e+00
4.203829001760798434e+00
6.446678474252563795e+00
6.612918509779910359e+00
1.976061291216025362e+00
6.436044943955987030e+00
1.365437432298999498e+00
4.359556011414142063e+00
4.963014199048051411e-01
7.514616568533758922e+00
1.634954862815096943e+00
9.802059877841813318e+00
4.023398886402176799e+00
1.084285759274360572e+01
1.029072737321770781e+01
3.164964082111921151e+00
1.428887909558403280e+00
4.257927601764631476e+00
1.166136048586750684e+00
1.015817790084378380e+01
4.913041480043736087e+00
9.712315625390854912e-01
9.260722659239680965e+00
1.071945023323315649e+00
3.460215539576636967e+00
1.133426936717013866e+01
1.202754563546437971e+01
9.814580869703519284e+00
1.164722474423945364e+01
1.134204444559971847e+01
2.020764482215220426e+00
2.732427251724569128e+00
9.038666377964426957e+00
1.524309561368449861e+00
5.732652340023382642e+00
4.466967372563578564e+00
1.093485586058209691e+01
1.151508605098511140e+01
1.063597658828824954e+01
1.288729369843605532e+00
4.022550926412774785e+00
4.038038701404199071e-01
4.417913891664741577e+00
1.501675667386980662e+00
6.263746621617655386e+00
1.083464299816461462e+01
4.917234186561555198e+00
9.892392050319223529e+00
7.026636415182579976e-01
1.201130275107866296e+01
7.449603346508102852e+00
1.919075578507283053e+00
8.632256861756156141e+00
1.202919156780438925e+01
3.938209596429080417e+00
8.714602355155411928e-01
7.127207897880370346e+00
4.178526175398863174e+00
1.152803323126563484e+01
7.918419768571574480e+00
1.101672616669033111e+01
1.100869857997443013e+01
2.263729040875293474e+00
8.407251190886832148e+00
7.706302270618834882e+00
5.146147254252206871e+00
2.472336274980724280e+00
