5.623538270088416624e+01
9.212038531846405931e+01
2.826016223245503056e+01
8.584983649541813122e+01
9.112937551197661890e+01
7.389356652497345124e+01
4.021135022098378897e+01
2.318961411548923834e+01
6.415130545910784576e+01
3.418866854392553023e+01
5.922297033557705959e+01
4.430290956847755091e+00
6.853807184053833623e+01
3.660811684641071651e+01
7.526084138225893128e+01
8.781956426074216893e+01
6.106234262963646842e+01
1.088576617147775139e+01
3.230959593083225911e+01
1.538079644073024355e+01
8.404254105875847358e+01
4.996083748797429536e+01
3.970270368788016668e+01
7.381658679959583935e+01
4.695768312397687083e+01
2.012973061146925602e+01
8.626221857966366713e+01
7.157929731636873782e+01
4.718124325851506029e+01
1.825508549012035786e+01
7.500331064903345180e+01
7.478571507567767185e+01
6.985364136665526757e+01
8.641765203280110086e+01
5.871693690745934191e+01
1.562241424764537179e+01
8.318553339073302766e+01
8.181801003437339403e+00
3.139120261933886269e+01
6.691201753648946315e+00
2.918465216140616647e+01
2.932682148276376566e+01
5.752821216256315040e+01
5.836759252388821295e+01
5.807584683424078520e+00
5.564657549011503335e+01
6.448645804948684201e+01
7.237720333380278248e+01
4.307101393470132678e+01
1.449676742927031192e+01
6.193084201929043786e+01
2.836756513906035693e+01
4.833706026770547481e+01
1.276664630431409009e+01
6.211932822329295334e+00
9.231424975767877683e+00
1.825308760377012618e+01
7.266373958126887089e+01
7.420177503435422750e+01
2.834689336694229311e+01
5.993768856938864786e+01
6.285396655967324619e+01
4.154861614574688389e+01
7.672870663894127574e+01
6.284233981423693649e+01
6.206164722266844791e+01
7.643677387565256254e+01
2.875124592609944330e+01
2.047205077278664476e+01
4.190923610046810666e+01
5.788856118312930477e+01
1.341433392523491896e+01
1.337450194204327936e+01
2.054956357268748235e+01
1.094455999461787954e+01
7.983410468713044850e+01
7.424076958818071148e+01
5.352038718601132672e+01
6.502752385151997316e+01
2.258189420273179238e+01
7.225549618476009073e+01
4.959979893291470887e+01
6.439622476583558353e+01
9.078766038685317596e+01
9.339422875411113978e+01
8.987515889317423046e+01
1.248995557294335335e+01
8.422277177440875562e+01
5.853060111195176773e+01
7.067383744306072302e+00
3.838643005678497033e+00
8.322420907899477527e+01
2.170132440048619671e+01
9.107881571349834360e+01
7.766956604637400119e+01
5.316197791968998843e+01
9.352218255876617548e+01
8.541804006588039044e+01
7.521316407968583917e+01
8.631370995754063813e+01
3.715860397209836918e+01
1.748512500787576585e+01
4.141330357259336381e+01
2.032934742407553586e+01
