3.377600075431211213e+00
1.250883168353912467e+01
8.762482082183057130e+00
6.034629512848995958e+00
1.566883072932517251e+01
1.444096815727189309e+01
1.058138782915876819e+00
1.035945451580898613e+01
7.696485447681675751e+00
1.310496370456892734e+01
2.160788938219502242e+00
1.471893393267223615e+01
1.037146089197309884e+01
5.168046472473609043e+00
1.955929623642132409e+00
1.201121037001418301e+01
1.110426419785251184e+01
1.440204504334179703e+01
2.547158863214975533e+00
5.955509609079461697e+00
3.039663464450164998e+00
1.300474553509650200e+01
1.031776569200246385e+01
7.605635470971400025e+00
1.305058645760332325e+01
1.170339378410590037e+01
1.379407805832817857e+01
1.052979679949848091e+01
1.560614990971031446e+01
7.280622421728332405e+00
1.543326300716197608e+01
1.401860379960965020e+01
6.729396959098814079e+00
6.003002137270696537e+00
1.555002242809019108e+01
1.129953428551502270e+01
9.558958641930448863e+00
1.606338939466245108e+01
1.153188707548332381e+01
8.949649068147949582e-02
3.269482542742857767e+00
3.347625322340338716e+00
4.835419240929610396e+00
3.093018176826048293e+00
1.598445448467637320e+01
4.804121489398227141e+00
1.179170991100796684e+01
3.179049138108700934e+00
1.588770928135590310e+01
1.035180512464832958e+01
9.389089953736901251e+00
1.156669089550556029e+00
2.853784687604748349e+00
4.077306412166295857e+00
1.263750851990659996e+01
1.113738961905936975e+01
