4.604474532777752671e+01
4.137394484300564557e+01
1.373060578529509534e+01
1.683889622169711942e+01
4.408184961679128833e+01
3.786549774956000647e+01
4.635155938063132908e+01
8.045650946571365481e+00
2.657343380377327691e+01
6.405432922864031653e+00
2.564831034158834910e+01
1.962647805025043013e+01
2.348606372355400751e+01
4.652434589423137368e+01
3.249018653214602637e+01
4.025281562006426839e+01
4.067818636761361972e+01
1.214828115125070518e+01
4.295250311897762430e+01
4.809507001576365681e+00
2.782173102675864484e+01
7.478255892152059658e+00
2.396149614326176902e+01
2.723783138210449550e+01
1.514889556212903265e+01
3.912521268784797002e+01
2.978564030477227931e+01
1.519651570137328989e+01
1.848883829648231014e+01
3.376204824411543370e+01
2.375557845758561015e+01
3.297906049043506727e+01
1.024858187217617456e+01
8.196326501154329591e-01
2.072573902592373951e+00
1.035946130028329915e+00
1.140449300852587111e+00
7.765099945478394439e+00
4.245604170700238456e+01
3.342235287748459882e+01
4.037099184902042026e+01
2.418608649291968948e+00
1.230341892959044614e+01
1.492256356828455388e+01
8.081028185646388806e+00
3.854168107833558565e+01
7.283171579832363740e+00
7.474129547105922811e+00
3.397500641187615145e+01
3.737379105172583849e+01
