1.554511957058316973e+01
3.942745014887452992e+00
2.989940091071137118e+01
1.421977888201247708e+01
3.369100907375534604e+01
4.026954273628785330e+01
1.502270145735222329e+01
1.675005581327273418e+01
7.300907119073367646e+00
1.340628178632037226e+01
5.353498934259706132e+00
3.666890998031866644e+01
2.447489849954031982e+01
2.465371261420907700e+01
2.443039271443893057e+01
4.203496231850297749e-01
4.154994879711001232e+01
2.780169457856143467e+01
1.305067465037557817e+01
1.342584909051095821e+01
3.726860207774591771e+01
2.092454088883281216e+01
3.371957505162686175e+01
3.885595458905388000e+01
1.846355406631167995e+01
2.099194112457942651e+01
2.340771407782419189e+01
3.426034272098171130e+01
2.749955189923504406e+01
1.913209555027220077e+01
9.494890719045114835e+00
8.484242885948717339e-01
2.887840792691045877e+01
1.653245032727781449e+01
8.143311762669567244e+00
1.050684794485085227e+01
2.841413204376824453e+01
1.558199329785270315e+01
3.334609567127514396e+01
2.388965683696466158e+01
1.694888944176017986e+01
3.621573955291236757e+01
3.220398279205105752e+01
1.815641011602939514e+01
1.723870339899615090e+01
4.158543763161745943e+01
4.120598941692853145e+01
2.586853734635075597e+01
9.292482312488093754e+00
9.798755854143177402e+00
2.964228208462355596e+01
2.332033148596101668e+01
3.589277847080249018e+01
3.445379672315051156e+00
2.082438283057470940e+01
1.779322100224540648e+01
2.034229315723393938e+01
3.575300998543078634e+01
3.740629683016534557e+01
3.783536169073145938e+00
3.423462421787880317e+01
1.425667522985230384e+01
2.642906558546307494e+01
1.517217669023244042e+01
2.746272347670744018e+00
2.024727234953546784e+01
3.269388417143601089e+01
2.061795538452729915e+01
1.891106175814974222e+01
3.105239993257768916e+01
3.152713461827095998e+01
1.302244120931073645e+01
2.280842012653834772e+01
2.525291521566053987e+01
3.294573810344403597e+01
3.913273800325868024e+01
3.387224965260718079e+01
1.532945153946305261e+01
3.516756237072616642e+01
1.959881294629389714e+01
2.371200576121934134e+01
3.759549875102076300e+01
1.699428589544068657e+01
1.554512865336804417e+01
1.992562317603622457e+00
2.509577916589685387e+01
1.484093737871678975e+01
2.140436454609054628e+00
1.824092452175537105e+01
1.043482058749368235e+01
3.331380707728429513e+01
1.377284135496823714e+00
2.838856176368940609e+01
2.664438920178549353e+01
3.266640085129646565e+01
1.710763863189958300e+01
4.009641308227338641e+01
2.378633267720542577e+01
1.510326210258337376e+01
1.890376649649336471e+01
3.690359523247425955e+01
