1.259748453303454241e+01
3.118804604211856457e+00
7.084721512431524815e+00
1.164663923651218802e+01
1.228717900993374279e+01
7.698910527163880246e+00
2.759948012451391541e+00
1.257574773317704953e+01
1.067613607711434298e+01
4.744111088776289620e+00
6.888686955524546462e+00
4.866264407852485263e+00
8.097413157533697614e+00
9.589350875097316873e+00
1.092144276428168759e+01
9.186240476711885705e+00
6.250463548702163141e-01
8.947101169490615291e+00
5.516286334686564707e+00
8.946675393337326199e+00
8.910074760961327334e-01
3.653465182815347490e+00
6.028424607887346021e+00
3.878469719157406459e+00
7.014006928117217043e+00
6.592846361870603467e+00
1.197526113795684388e+01
1.013086145373627645e+01
8.211022749396147402e-01
3.419729510669314632e+00
1.116702895605097012e+01
2.789789997759930085e+00
1.096794159310291228e+01
2.076516709818725825e+00
2.324439829448231645e-02
9.226980442276365935e+00
3.650431933299268739e+00
1.172142185192142527e+01
5.209558656171390467e+00
7.150039812225204905e+00
4.881899254932802634e+00
9.707884351893060426e+00
4.021122206733803495e+00
1.292067666712746998e+01
1.255844829254913719e+01
1.161340094760563346e+01
4.015053977242708072e+00
9.923159175525535503e+00
7.844025679150203878e+00
9.524729267711341762e+00
4.759946696395298105e+00
8.214830771199508774e+00
2.034406379848882729e+00
