2.445173719393154865e+00
6.760442667099122005e+00
7.370894896120794293e-02
7.456404054188071839e+00
5.131497310576489390e+00
1.941510455401369573e+00
1.079852319155435003e+00
8.917949066813655179e+00
7.805480311339761279e+00
6.171241541516176987e+00
3.138354330134769388e+00
2.911405503665036032e-01
6.003928625852331891e+00
6.294928023145516249e+00
6.017818621390230022e-02
3.974749802508967367e+00
8.618972424982132452e+00
1.336059050990117680e-01
4.989781942347095267e+00
7.255912084271332496e+00
7.316576054239575022e+00
2.386769533958522427e+00
2.381265144146056834e+00
4.080372266856920227e+00
1.884539801065404419e+00
7.227493736101333610e+00
2.148052598121685364e+00
2.432135493088030564e+00
9.294630642215768290e+00
5.529148753456381016e+00
1.445350330096001112e+00
2.167888566378780801e+00
3.181619430852224983e+00
8.609105447730053484e+00
5.388105647511399532e+00
2.838082296976998986e+00
6.741619757787357337e+00
8.379087191794370781e+00
6.454332032467562819e+00
9.547635941243790003e-03
8.486681029570433132e-01
1.830329958535427126e+00
7.502000493285688520e+00
3.533719270996196204e+00
3.594957373563969494e-01
4.283351937568435908e+00
1.483659715001989676e+00
1.864961174214481820e+00
7.792017537483654444e+00
2.928700538097568362e+00
6.474200282653976402e+00
7.494536200256360914e+00
2.916157266025498629e+00
8.090579241762787532e+00
2.735961511643551503e-01
3.715387025063661586e+00
6.296943561610738982e+00
7.096979988441126430e+00
8.109212194638107718e+00
2.397308534030636373e+00
6.168453242722517160e+00
3.523423065708191970e+00
8.035281970939587737e+00
2.356900814383905196e+00
4.278238205750916734e+00
3.262340385091079487e+00
2.563290667501970876e+00
9.397972175986122778e+00
3.195751134887262701e+00
9.098133970007628690e+00
4.288517833869242679e+00
7.285061906682240185e+00
8.159790348982790320e+00
4.146557368721421888e+00
3.561832777642789161e+00
4.703023867377416956e+00
7.537190600983156408e+00
5.910136253336567336e+00
9.358305974574399499e+00
2.747927895559805767e-01
1.660980289201680726e+00
4.521021454499981052e-01
6.160308008383565515e+00
9.522956986450440198e+00
5.090229177514591363e-01
9.265613102400887868e+00
1.732181992388605263e+00
1.380366170225591160e+00
4.176892957989914557e+00
1.532956234339896806e+00
3.488292222432447076e+00
8.085763002254891418e+00
8.197986353325680042e+00
8.420867952906696985e+00
1.558392981752105388e+00
7.488571374181454132e+00
3.235143832673823994e+00
4.625210901418438603e+00
9.341870628219496098e+00
4.257415901850522211e+00
7.691632073855688034e+00
6.176236957844171371e+00
1.554522414004545272e+00
3.003786399568414200e+00
4.927824844253177794e+00
3.496788119600837241e+00
2.177714634093521173e+00
