1.147416564851580389e+01
9.211562006838228456e+00
5.694192494728701703e+00
5.378774602004797067e+00
7.315705973106392257e+00
3.835994349200600340e+00
8.594711184943575333e+00
4.005754977664596206e-01
6.119759066413221760e-01
2.235844308546134585e+00
2.602222576288889311e+00
2.842435257111042279e+00
1.827943732149051315e-01
6.685801197725453449e+00
1.459637096093840292e+00
1.145625937896381563e+00
3.251487441817407564e+00
4.310285715847786747e+00
2.330348027826292800e-01
3.645444615358200413e-01
1.579816897904870565e+00
1.148416853458175524e+01
7.909105823202240870e+00
6.313649121251232899e+00
1.289632186157617788e+01
1.024226287760301624e+01
9.286510070713635656e+00
6.287519369145615045e+00
5.511084769108285819e+00
1.199927092319603794e+01
1.082267755095174344e+01
2.072083061961015993e+00
7.359743500862694354e-01
7.002287261253196782e+00
1.166218099839767142e+01
7.792610632440759133e+00
5.550120491441193238e+00
1.904279736465300243e-01
9.093639442600416345e+00
7.974929560525328753e+00
1.089542381517570924e+01
1.096343386071769821e+01
3.143541655585810890e+00
7.376216718311764176e+00
8.857448051319360971e+00
1.105163615965272683e+01
3.391065222319880057e+00
1.472422694967602474e+00
1.310431614709444359e+00
1.149795529953612316e+01
7.325277345418932384e+00
1.296976755810244342e+01
3.693852984410508355e-01
1.291104639391336484e+01
