5.977198096078022438e+00
1.564410179021025904e+01
6.916524960025180135e+00
1.407239398424959909e+01
8.785598507718161088e+00
4.733663536367942903e+00
1.878795457010000280e+00
3.722838302801683596e+00
5.794494519833748303e-01
5.162439122613564635e+00
1.453876738089775422e+01
7.259469834176840664e+00
3.274593380693774591e+00
1.192167393880513693e+01
1.356636246482594288e+01
1.138452428588557730e+01
3.913229566374050727e-01
3.348593113542207789e+00
1.364949375445540625e+01
2.958877836178275267e+00
7.598867362942335113e+00
1.258416352721331499e+01
8.053928904978900627e-02
1.139710637481841893e+01
9.939687629925812118e+00
2.821035491802088124e+00
6.050078564106547319e+00
1.418469796648854775e+01
1.359768333592143286e+01
1.524767769317875121e+01
1.493677631049191845e+01
4.988489177135906338e+00
7.128544223170074190e+00
1.796624544037855209e+00
9.284383475618970039e+00
8.804331003693675939e+00
4.381994963354009620e+00
2.075378003114556780e+00
1.420032814028459001e+01
1.370850829490439793e+01
4.565916391977788535e+00
1.000756792199496559e+01
1.361926660437603331e+01
1.415443612905769655e+01
1.602419027210902414e+01
1.385705622766451661e+01
1.218769584017518071e+01
4.065747723753906584e+00
3.357526701803132063e+00
3.066363739427654167e+00
1.262188308388939006e+01
1.174819653554238741e+01
5.904560502210326689e+00
