7.259052033434488571e+00
4.279411985583977951e-01
8.918234810009570523e+00
6.897623265345161236e+00
5.925653483681665001e+00
2.702340911138984669e+00
6.130835254279022095e+00
3.578734843019943490e+00
5.429621111921127508e+00
5.016320898288090468e+00
6.280867819117128548e+00
4.269493517676767880e+00
4.873155919346451981e+00
5.635026361172325693e+00
5.501558700155245951e+00
8.517369178889195425e+00
3.578157735392244465e+00
1.218723957851020945e+00
8.063262411341437286e+00
8.432415991511748032e+00
5.509617322925587146e+00
1.125100207507651495e+00
3.199588746932736427e+00
6.459646796012839864e+00
2.705135001514764603e+00
8.528790525150487412e+00
2.845274188305384477e+00
2.165178781030223654e+00
7.338853113893730296e+00
7.392090124809230112e+00
7.850178816519670200e+00
5.661280302500353301e+00
3.179668822541482420e+00
4.132021883171137944e+00
1.512624058774738600e+00
1.953013118185484842e+00
8.236889571562109325e+00
3.899312833395562339e-01
8.267807866681764040e+00
4.397072307877259334e+00
9.542697954054711607e-02
8.954516884081931138e+00
2.613852356213099082e+00
6.026928501203991928e+00
5.842104968168856161e+00
3.745779735557196233e+00
1.108205750811217527e+00
5.262100767651087807e+00
2.174075492873795756e+00
2.502628020544871990e-01
2.468771405096865657e+00
6.423357423251031761e+00
1.570130240831684620e+00
7.243802501321200404e-01
4.678447616440448265e+00
2.438656810048880352e+00
4.567037782261762935e+00
8.595074452214365834e+00
3.257727583258842152e+00
8.769130195162471608e+00
1.251138442951920782e+00
4.800475394507510707e+00
7.149261464757019624e-01
5.361161623632782813e+00
5.599721013395455138e+00
7.268817196079542242e+00
5.871386212953955130e+00
8.784592679592032605e-01
7.835888651151822870e+00
2.006324972736955203e+00
6.371672278707857906e+00
1.154503046522897369e+00
2.924129694216659026e+00
3.260921836241772453e+00
6.559517101766724423e+00
4.974910059637061011e+00
5.812508751462293510e+00
3.839659633097957325e+00
5.018155269008663932e-01
8.952336008738905448e+00
6.925597451213931777e+00
5.365472170580781075e+00
2.475651199135002756e+00
2.974676094902109380e+00
8.054941741505382780e+00
6.546126790955407948e+00
1.033540982911340445e+00
3.355767760192390536e+00
3.500730909967634030e+00
2.104038990046555480e+00
6.897277559451162610e+00
3.661207127315251331e-01
9.321714275273206951e+00
8.417957124622300891e-02
1.858217903865022613e+00
3.055291535084611598e-01
4.976379099699851594e+00
2.502570468597332454e+00
3.164106228598113191e+00
5.723044888169213529e+00
1.063496726748465404e+00
1.257240012565853826e+00
1.902347699927928959e+00
9.371693257666523280e+00
9.191356043577522783e+00
1.875441445267175045e+00
1.200312882228211642e+00
