5.931666963427792894e+01
4.274206555616612491e+01
3.224147834856694317e+01
5.399274881127325898e+01
5.952599370680881918e+01
1.562161397438369193e+01
2.974577431157591434e+00
6.157773252798160257e+01
3.787926880837443377e+01
4.716659109875753586e+01
2.178544891266596650e+01
3.750167204873277171e+01
1.104274315004820473e+01
1.111865560098374850e+01
5.735276478788800603e+01
1.283651715579363639e+00
3.791173440724254817e+01
4.328040439072753287e+01
2.833210643558321351e+01
3.229091990003262680e+01
5.065108186170697735e+01
5.330033132076576408e+01
4.907148812430447293e+01
2.000945452200386399e+01
1.134770923890060068e+01
1.054525650359754430e+01
1.903367634806545539e+01
5.552898546887584885e+00
4.598556287529924447e+01
3.903698771325152705e+01
5.052504569598778517e+01
2.311528137732670274e+01
4.564340131208568963e+00
3.780564467009483565e+00
6.535055236711433224e+01
1.483000170615911095e+01
3.455174900579137898e+01
5.432359733386543610e+01
1.402861354034871155e+01
3.659183425693966285e+01
1.872104871510638802e+01
7.010010107979591787e+00
2.049675723710937980e+00
2.722741097068916716e+01
6.369106254274662149e+00
4.476035599766444051e+01
6.421201503963978041e+00
4.742057844275426959e+01
5.714320516983203646e+01
3.857894520430252072e+01
3.098230973986175840e+01
