3.837237793584265866e+00
3.249726289296157589e+00
1.240230818406986479e+01
1.173525335209203019e-01
1.049643947081378670e+01
4.974418124644040873e+00
1.798131811293127491e+00
1.084835375226587217e+01
3.297344373502441695e+00
3.084876060059120722e-03
2.949215666476204145e+00
9.955978774763547534e-01
6.949336760806813729e+00
3.010642626863994642e-01
1.132512964529196964e+01
1.007555438222944666e+01
2.581467054901992242e+00
1.263068498201472778e+01
9.306401301982427654e+00
1.160049096585523110e+01
5.364122307596987049e+00
4.947404824983273386e+00
6.786050957459808242e-01
1.044457023716702082e+01
2.346478654752755855e+00
1.291905858451814026e+01
8.961083097053454960e-01
7.124298925220788892e-01
1.925706601951613139e+00
1.062929079856173908e+00
1.276844960097223369e+00
5.564736388229973407e+00
4.018335932012966794e+00
6.666854715734898740e+00
6.212343994099572830e-02
7.531995450765496258e+00
8.817773356484521763e-01
1.472181401257002253e-01
5.729410016369732794e+00
4.036146260659617013e+00
8.057592837110762574e+00
9.741762532900912319e+00
6.429729884711949950e+00
1.443497235536073564e+00
5.732698834074502869e+00
7.832644247843536967e+00
4.636803278083435842e+00
5.924630909432387682e+00
3.421112054798146840e+00
4.014183032426189790e+00
2.126945079232273272e+00
1.230901539256981536e+01
1.192507700564159379e+01
