9.358153742736742275e-01
5.581074986918938663e+00
7.697262422061034393e+00
8.331864611151248212e+00
4.721089510982792170e+00
2.803224694364606862e+00
1.002552994070594039e+01
4.166862135232381803e+00
2.848900036544038894e+00
4.537698391938012499e+00
1.940712956122255584e+00
8.219589170129991684e-01
2.564067733814060723e+00
1.824499042778257696e+00
1.176353240346068851e+01
2.798348552629949637e+00
8.556110798095735603e+00
9.849490234182850301e+00
3.227658162293851607e+00
1.069167911776272817e+01
8.643319914005704874e+00
9.777588766605219917e+00
7.945535438628229308e+00
7.947607761663026515e+00
3.570110509586810199e+00
3.132606313158081690e+00
1.549349635985527218e+00
7.209459098149089584e+00
7.909313606410002251e+00
1.158001357375348128e+01
1.181935239069282551e+00
8.724385646684551077e+00
9.369289961611071860e+00
1.138930723539516876e+01
4.842049681853737297e+00
6.736740636609621191e+00
1.118677853466429228e+00
2.792426131062087258e+00
1.199595497831704982e+01
4.625690064047962125e+00
4.242687625110320049e+00
1.108697168725339566e+01
1.589203716941152145e+00
9.812753681326793043e+00
9.823685028129720109e+00
6.006858300348911328e+00
1.549449098248775858e+00
9.722710994838015708e+00
3.544912616584360965e+00
1.128903983302847003e+01
1.193946943503153868e+01
8.533455678497180230e+00
1.858572753549273315e+00
8.007754064530828941e+00
9.212426072599050997e+00
7.631820546042167308e+00
9.329010411876119235e+00
5.956631640887043666e+00
4.582537061584441851e+00
1.569771016832851585e+00
8.011673448403053843e-01
4.405930261048783159e+00
7.500112999242506184e+00
2.504582845351399634e+00
6.088816385971910217e-01
8.896806832581560798e+00
5.649463268286495143e+00
1.052022335995461866e+01
3.839616829429092437e+00
3.049708288479369145e+00
3.699346746143750142e+00
3.926596910672161655e+00
9.666377190479973791e+00
1.143816372711235907e+01
2.725693431680563439e+00
8.568333959561591939e+00
5.165902413733329368e+00
1.016465044466276169e+01
6.576417856846376253e+00
5.196222514931144509e+00
7.752197444742407129e+00
7.727209801168537950e+00
8.728941971591723359e+00
6.871802543250472795e+00
8.796296040046506448e+00
7.659833078814468621e+00
1.951479707289682120e+00
5.038977623463543054e+00
1.334487088758304241e+00
6.709261677250586864e+00
1.122582960747470615e+01
4.782237721936520636e+00
7.878981932101813968e+00
1.099200840218969688e+01
3.486663398677567915e+00
3.608934006527177107e+00
1.200597582639843708e+01
1.419040431682887515e+00
5.973885727412552527e+00
1.154577881247879212e+01
1.068259181766985577e+01
4.375125407148434675e+00
3.626841805088621751e+00
9.249998997675772827e+00
2.531406424645238129e+00
7.130131504700118583e+00
5.271121515787782208e+00
