1.172114211073792056e+01
1.285136531274408966e+01
2.890352009181422233e+01
3.709513075283204842e+01
6.594252343950637396e+01
1.620501080062472710e+01
6.494619711800419282e+01
2.733154476215834805e+01
6.329774661163033045e+01
1.408689650928410408e+01
5.090767571501796596e+01
6.294958314481061024e+01
3.863542170548745247e+01
4.184146240358417401e+01
5.842163153276096210e+01
2.949300055275762489e+01
6.367684295577678455e+01
3.270508469049676137e+01
3.776865801845863757e+01
2.866110592682225899e+01
2.075302802257919055e+01
4.010197389402613766e+01
9.892184997166237892e+00
2.839010388383172767e+01
2.875547288330227147e+01
1.549996187325674590e+01
5.727804422578187626e+01
5.189141573605157731e+01
6.000007980241391436e+01
1.403859624949498297e+01
5.721468832560370288e+01
3.987153012466760771e+01
2.397212883603091527e+01
2.813405449585968388e+00
5.766532748602296721e+01
5.536828547074568974e+01
2.196784858136617657e+01
8.461570456232268000e+00
5.848320224343056140e+01
3.797433133460915400e+01
3.587946214528295030e+01
6.281876875665341942e+01
5.870715075798683813e+01
6.765547142733923103e+00
8.828791821343600077e+00
1.834543339749448165e+01
4.839804433570712661e+01
5.308385341444168404e+01
6.217809894667251314e+01
3.491658619451924750e+01
1.465760180613398056e+01
