1.936129525229545578e+01
1.425464318022157784e+01
4.635922318599526193e+01
3.937476972027728550e+01
2.740362519906649297e+01
8.969782639211443254e+00
2.042487623232974947e+00
3.334913025051769608e+01
3.146373938523490565e+01
2.395335617757956115e+01
2.423431662950655863e+01
2.264393493666891999e+01
1.461538129293574606e+01
4.282243999602374629e+01
2.842219062940591456e+01
4.501147097691686838e+01
3.736229267289628098e+01
4.306117377115618439e+01
3.266156171506018779e+01
2.519195626953681000e+01
7.051739026216509387e+00
1.366985540529309695e+01
8.390874681759930453e+00
4.375742500584734529e+01
9.653257537479927208e+00
9.831080901293207219e+00
1.676129293221078598e+01
4.641559901474566630e+01
4.159372649054342475e+01
2.803985337463556249e+01
2.931946248652510789e+01
4.024125935468064341e+01
1.613627253648802551e+01
2.073483094203364629e+01
1.837685118952589747e+01
1.301416214210074029e+00
1.251351816335488287e+01
2.060035999516809824e+01
4.695898666313016179e+01
8.452856248474050815e+00
3.556193689479063380e+01
7.050686859764566883e+00
4.664808687421913902e+01
2.515882419462222330e+01
1.470656380391151252e+01
3.113983379342849744e+01
1.645996323582726717e+01
7.579011196905159231e+00
4.156469414269332674e+01
2.650102117400761514e+01
