5.236643920981460809e+00
1.542716822440715596e+01
1.476673807796562654e+00
1.038956247452071047e+01
6.292386266253420679e+00
6.859193482878394477e+00
9.902938881285377803e+00
5.779860601550410593e+00
2.898740417078558451e+00
1.281278583180258401e+01
9.348306713162878978e+00
1.017986539727886530e+01
1.141599666768494359e+01
1.007430069755990942e+01
1.153780067295067369e+01
4.746308967733548378e+00
8.921227370202380769e+00
1.014408790844126074e+01
1.576908186138652823e+01
6.942783122527178108e+00
1.109963482740752561e+01
3.578491163356254390e+00
1.320103155972113385e+01
1.100318414742472406e+01
3.296414202726819731e+00
9.816760794584574512e+00
5.819966807441874224e+00
1.382702164017109858e+01
1.469361728998021377e+01
6.018776316258472647e+00
9.794722737365200160e+00
1.307465137779268094e+00
4.422974148396992433e+00
6.227862592174041367e+00
1.210074325411554597e+01
1.436679152309422847e+01
4.342233519279221077e-01
2.225552130734379741e+00
1.469687838188043649e+01
7.302409083591069106e+00
2.145408675572056278e+00
7.694152589515902640e+00
7.650294236103288625e+00
7.874915394747912245e+00
9.107879835693852399e+00
8.976940755349074763e+00
1.425807252082531029e+01
9.345357305131393844e+00
5.103486185608156755e-02
1.240616306147757364e-01
