5.661351822638068576e+00
8.762614692568623909e+00
1.287738303715511101e+01
5.514467606753199469e+00
1.368365418834029068e+00
7.961854635922659407e-01
6.448026345628437017e-01
4.272655909748504399e+00
1.171525173122566166e+01
1.250367518990599791e+01
1.048945063476700357e+00
3.610880748397442552e+00
1.284400145816546335e+01
4.968699923128659712e+00
3.787986721613115559e+00
7.456159879927947820e+00
1.284942647351477518e+01
8.346646742297512134e+00
5.345573437743631473e+00
3.086855300849726813e+00
4.087519733751486584e+00
6.883722391660875850e+00
9.798211539773493683e+00
5.145173528786632033e+00
1.010977775475909368e+01
5.333882609680784981e+00
6.784747950432520547e+00
1.187540785900249318e+01
1.230766183769616440e+01
5.133977022508387833e+00
1.283494691097236462e+01
9.377780695356696228e+00
8.116269554006505516e+00
8.029878943507572586e+00
7.807807773044425304e+00
1.458117450474635479e+00
8.988992912004974301e+00
3.195065231179189613e+00
6.625650822679184593e+00
4.212338415278930270e+00
7.080075810047697260e+00
9.840236103030406412e+00
2.759685489778471723e-01
5.453470388505547994e+00
6.008397183828698473e+00
5.789529954963514413e+00
7.044109381976456419e+00
4.444507833207529957e-01
2.024620249581260190e+00
4.723594210547728878e+00
1.082655422703441417e+01
3.236202316473311580e+00
6.879792857738362244e+00
1.180354367520573788e+01
