1.057193306674456323e+01
7.368174430990454660e+00
9.796379434962620536e+00
5.141645523003177232e+00
2.166218344258069362e+00
2.472254375139876004e+00
6.238615866282427369e+00
9.168830504088077760e+00
6.476077031757732083e-01
1.047607772745096710e+01
7.891867259790349642e+00
2.766488553895571467e+00
9.717165553459247818e+00
1.691979470954833698e+00
2.975321295462383109e+00
5.576055629795519941e+00
1.164193924205974184e+01
2.612459397244865311e+00
7.376802948491002709e+00
1.331321604300579053e-01
9.947948041312201894e+00
2.986281794123641031e+00
3.257734660750049915e+00
5.994499431828107738e+00
1.166728131810399560e+01
2.842345181977798951e+00
1.048517014116089818e+01
6.538182079799116586e+00
6.792255515865251725e-02
1.902861837522125954e-01
7.704463268189168268e+00
8.358162356880289856e-01
1.164286472053510302e+01
8.904545357138607287e+00
9.909261189052010366e+00
3.216512115316900289e+00
9.538146526586567475e+00
9.384122759643133804e+00
6.689775418626841663e+00
1.075088279539040137e+01
6.670411583003857281e+00
9.019807979916427243e+00
4.664187400497403324e+00
2.117741323096286876e-01
3.476387797146458070e+00
5.421915794467364158e+00
1.026908857100440997e+01
7.357585017265402705e+00
9.278331501662121283e+00
5.057247475323134900e+00
1.107040746085507799e+01
9.153976876676086505e+00
6.295491011029628936e+00
1.075292832271383858e+01
1.036644007214436725e+00
2.668062339753665135e+00
8.345876069396473085e+00
5.010057030211124030e+00
2.398838202969588718e+00
1.590414849174654588e+00
7.049671054935659598e+00
1.889145197066075532e+00
1.734361467212428010e-01
7.079080094043677995e+00
3.723058025689883088e+00
1.014173864050263951e+01
7.429612813278101413e+00
2.223389154131533818e+00
8.683676305779616911e+00
4.521233238369403828e+00
4.359717662913422664e+00
4.992196297766834157e+00
7.444495977605871673e+00
1.025523941141547368e+01
1.153447190608136275e+01
1.046558708670350235e+01
1.191693571250887729e+01
7.838742561018174904e-01
9.971520326805400458e+00
2.534997332039238049e+00
1.152877053640501304e+00
6.258090590706098411e+00
1.792339872637204623e+00
6.065114528493578128e+00
4.286767055408239990e+00
9.768021132754057589e+00
7.077608393643052942e+00
5.484885279806781533e+00
6.530385779939928526e+00
4.585898542758055640e+00
8.056734573077903860e+00
5.148713591868693484e+00
8.620499699690721940e+00
1.101042267224817373e+01
2.277020911208580412e+00
1.178048544141922838e+00
9.725188887073258570e+00
1.314272361053460347e+00
2.511768782242936648e+00
1.026175213889098181e+01
8.357355166005680402e+00
9.643818792661031480e+00
