4.560224171703062268e+01
1.641931988719090540e+01
2.835507643238901210e+01
1.428839556878191175e+01
2.305568960725067384e+01
1.873711501598845430e+01
5.182601204604060285e+01
3.150343971014464728e+01
6.225233861688442261e+01
3.813068789481892651e+01
2.458580694661500488e+01
2.017757842193248052e+00
1.561536383357617730e+01
4.599026481005402189e+01
3.445785530551337672e+01
1.005089234114876362e+01
2.698264691915509417e+01
2.761022047011533687e+01
1.278405803074196889e+01
3.084534158777851687e+01
3.386878740856708703e+01
1.718543569825586204e+01
4.624706704716937367e+01
2.062891459719519816e+01
3.663220322000264417e+01
9.460929204756235222e+00
3.755047068402537036e+01
6.419733032706192333e+00
1.857054078840517519e+01
3.372130219913699278e+01
5.898669953899977969e+01
2.437241821385631280e+00
4.666068593261186237e+01
4.825590966286679873e+01
5.090994798501694873e+01
3.434685594606627745e+01
1.582797348580786512e+01
1.251464472276452788e+01
2.180660175007244739e+00
5.639817633353840165e+01
2.832093789184271770e+01
6.495772435659297628e+01
2.691353829593766278e+01
2.738707742138399226e+01
6.287721266550539667e+01
3.802687033583806198e+01
5.121896340845037798e+01
2.426180413831439964e+01
2.276584477630283843e+01
2.800025458944846335e+01
1.484556617487917229e+01
