4.169583067623284478e+01
6.599327184973510896e+01
4.585298076133253176e+01
4.293228901878688930e+01
4.772536757462076906e+01
2.943510281923098404e+01
4.192324224757467022e+01
1.518790709071886447e+01
3.691337849688141493e+00
5.314699734066224579e+01
3.712060775510050803e+01
6.636876591928832170e+01
4.780441465337977291e+01
3.079290831842427423e+01
2.304902500032227408e+01
8.863506629405661030e+00
5.096854248658443254e+01
6.013299175745029146e+01
5.306875145762961665e+01
6.343559317474064585e+01
5.377526876310970749e+01
6.509759414686505430e+00
5.230586826851802584e+01
5.242469930835092384e+01
6.258272779824550724e+01
3.402772869418581081e+01
5.429919810813743908e+01
1.818643860812232305e+01
6.560941179685788427e+01
3.511280662170245925e+00
4.651370181568112372e+01
2.116426051104458139e+01
5.114855772336781570e+01
9.664854868314492364e+00
6.165365588472806735e+01
1.097472858903394055e+01
4.630278387046751654e+00
5.172172021509840789e+01
1.184202828943590191e+01
4.869275490424377750e+01
3.168566916747985474e+01
4.646600023401791901e+01
3.530428857528727349e+01
4.088247393458868828e+01
5.388898183931828179e+00
5.319008169925848506e+01
4.194251321220990292e+01
3.257325280271766843e+01
4.984532866184925837e+01
2.237738388716563875e+01
1.122666542083004160e+01
2.487379046484383593e+01
3.100220040042706415e+01
5.464563965665315948e+01
