8.682697568757106410e+00
1.810074444076151812e+00
6.451829995579926091e+00
9.846162847584574607e+00
1.013450543867610421e+01
7.774357142190647885e+00
8.149258737095899097e-01
6.397154828914184854e+00
1.044832002815647343e+01
1.341829708289817846e+00
1.446903488270044003e+00
1.014351154620901774e+01
6.039352554326166356e+00
9.381929788881778975e+00
3.292326298676774510e+00
8.571311771821715553e+00
7.419497630526037391e+00
1.283239669897468360e+01
4.148287002197514006e+00
3.557146331481929380e+00
3.491918283374763732e+00
3.333974608354421498e+00
1.222326510391686938e+01
1.149775862816767713e+01
2.279433581126428798e+00
9.556815474194102933e+00
5.179573530260230818e+00
4.281439831438598631e+00
8.179931802633360505e+00
3.637153340626336995e+00
1.121278061325437214e+01
2.445015044842663521e+00
1.096754214447508602e+01
1.231556171422182366e+01
6.559219003243983437e+00
3.216723851793873656e+00
6.255182276970844946e+00
3.040407072904423469e+00
1.059747623314720855e+01
9.589892894268079004e+00
7.813133994484940281e+00
4.083849527872770224e+00
1.162702396750065859e+01
5.411152118893638452e+00
7.922545297687035415e+00
1.020490663432364542e+01
3.363498544130655521e+00
1.181459297462266189e+00
7.608931251171720866e+00
2.415361549965434396e+00
2.525107933957627893e+00
9.397708612827475605e-01
3.138252838978357939e+00
1.218309403321551265e+01
