1.271147824526516068e+01
1.202266062332279084e+01
5.943847909950716435e+00
7.187849410484331569e-01
4.177287721405168242e+00
1.806492855330288805e+00
1.409836812146752294e+01
8.201349885412023255e+00
7.616660588356974904e-01
1.003121016143085598e+01
7.447278472293133333e+00
7.814054029164308801e+00
1.274466682140510976e+01
1.062359885443563101e+01
6.423430332744035631e+00
1.625851418505346402e+01
5.688545274192013501e+00
1.229175092486178400e+01
1.467409663826693134e+01
6.800472552088888456e+00
1.441946565811393377e+01
8.634884784137598857e+00
8.770017822573377142e-01
4.419982468117927610e+00
4.548134828114439365e+00
9.350140435677721129e+00
1.670132469947916087e+00
1.561703098623087982e+01
4.953820167248665030e+00
7.184926973927956428e-01
2.940873978171609338e+00
1.426836727425241591e+01
6.909239886838646427e+00
3.024249237681861047e+00
1.594642354691950148e+00
1.157231146192527582e+01
4.372649051304015266e+00
1.174468469958455152e+01
1.096131041231223069e+00
4.060580095611537210e+00
9.674879441686552894e+00
1.467529529581611492e+01
5.077003982673203630e+00
5.898802495018590442e+00
7.905970785250542310e-01
7.699354630082509310e+00
1.340523870432939901e+01
7.853255990476996296e+00
8.451532967787972694e+00
1.002202569570754953e+01
