7.673968012544827300e-01
8.992609589499252820e+00
8.364102793565171723e+00
5.596645993783150530e+00
1.101146990767557554e+01
1.040536654071298628e+01
1.646231325199004170e+00
2.647972908335279651e+00
6.558820105325638750e+00
1.082992234785521291e+01
4.141217120132195895e+00
1.207689922073633326e+01
1.018267121382162799e+01
4.880511964979461936e+00
1.526265096792546405e+00
2.325256386548211207e+00
1.293185804966830510e+01
5.644497546849223113e+00
7.552578660852797832e+00
5.254474408650706252e+00
7.138963658002989154e-01
5.340034494965365752e+00
1.247541434186114984e+01
7.259539066188993139e+00
2.932725654281501670e-01
1.485315196425973427e+00
9.477697230177039245e+00
3.148535321088642647e+00
2.959971809901214446e+00
2.565752936139729989e+00
2.658396219528895710e+00
1.077593846161670577e+01
2.650483105326238320e+00
1.177327569919891737e+01
5.558171682770276512e+00
2.891821235197803208e+00
1.117319440117525708e+01
2.284777034350006009e+00
4.939489222255780021e+00
4.066700271241221465e+00
6.654675240613225462e+00
9.671461802240219896e+00
9.940287212456331289e+00
1.192330018870016950e+01
6.729912547686084601e+00
8.081464352133183482e+00
7.565685051064034106e+00
1.294112460200619097e+01
7.371368950147710875e-01
9.107198034606811987e+00
1.225523791529536410e+01
2.609152274847427844e+00
1.280990945500472833e+01
1.271408994157880912e+01
3.184215622563076664e+00
6.770995858114897459e+00
