7.228362945908153314e+00
4.833387495277941426e+00
1.290938862901482631e+00
4.283387590074216322e-01
1.119750904639947997e+01
1.454434024517450297e+01
2.237871820217101071e+00
1.551500977519868840e+01
3.654542741594932753e+00
1.256108877258894907e+01
1.372416963249564326e+01
2.128684065726687558e-01
3.543063326259507040e+00
1.134217104330643622e+01
2.073339980937119353e+00
9.083532679077524818e+00
8.433996593469410996e+00
1.269097864924527030e+01
8.333751502795308852e+00
3.713087182234543704e+00
6.740391727451598314e+00
1.245111525664990459e+01
9.227089510690081653e+00
1.160842033919360361e+01
8.639713300840731192e-01
8.987638561638197743e+00
1.452947623155871959e+01
8.785147817353134769e+00
1.285325237188312286e+01
1.025703888629428739e+01
1.330788946238566250e+00
9.304475103231268918e+00
1.588994861827103477e+00
9.100827258859469637e+00
2.993118184096668521e+00
1.268322444659386861e+01
3.528183990043719742e+00
1.300738018182067890e+01
8.455709884194051895e+00
1.132970523727866841e+01
1.287093519630531269e+01
6.388470694861093868e+00
1.335712813226179918e+01
2.277940059247363536e+00
1.115297207065859020e+01
1.147378040780231245e+01
1.145590241050514280e+01
2.079828420775621800e-01
2.816519653122799394e+00
1.624161966773361954e+01
