1.372660118189273470e+00
7.985521897929872992e+00
6.304614072543132330e+00
6.360956131160875771e+00
6.135355449628874247e+00
1.003943257485040164e+01
3.761973814456313903e-02
1.744051348193005113e+00
1.076957011524192254e+01
4.823042006811691707e+00
7.611215488397817808e+00
1.018896382327419126e+01
1.993314951305220850e+00
3.888970287062184727e+00
9.234873976248449523e+00
3.393031068723163290e+00
8.723651942669230053e+00
3.837792492619538365e+00
1.840163137736112287e+00
8.340276932196184489e+00
9.428969486572565728e+00
6.593961651946365521e+00
1.808771646810441336e+00
2.301462360210394520e-01
2.054501759397931782e+00
9.860314448341751525e-01
4.962570548192553055e+00
1.124284197063964896e+01
8.858516293512003870e+00
3.057955866180974702e+00
7.749679789427757370e+00
1.269716969973802279e+01
4.892283862827969010e+00
7.518584501477670656e+00
6.494788129855643355e+00
1.279097737867921580e+01
1.078996461186674516e+01
5.791220818792133684e+00
1.159631283946025704e+01
1.268780318636599880e+01
9.880963780059401458e+00
1.198270960468495616e+01
1.052244419016814625e+01
1.023853477286424862e+01
1.153279654420677325e+01
1.135861286183378382e+01
3.835353084072494756e+00
7.260606483567166869e+00
1.016784394700271221e+01
5.714708652950381662e+00
1.179130783541787864e+01
4.070144787240968398e+00
1.139985793562466121e+01
1.179247970928500866e+00
7.806707701511032660e+00
1.047636994345331729e+01
