1.770510707388687521e+01
1.513577736250604389e+01
3.905159587342365057e+01
8.823164190311381105e+01
2.965631002614228962e+01
5.126745137594086543e+01
3.908428600866642455e+01
3.225626689947591785e+01
2.422718328010625655e+01
1.830799988620925589e+01
2.200301731713750186e+01
6.626329678227625664e+01
6.689903853112765830e+01
7.650589196265592307e+01
4.663629963256244793e+01
3.671761899220016545e+01
2.664192479078257847e+01
4.922622321284870850e+01
9.351140051771764661e+01
4.980761491069900160e+01
2.895306221171799521e+01
3.467867025311397100e+01
4.993725027966817009e+01
9.376205930588400861e+01
8.518964209534490806e+01
7.625518703104468443e+01
7.215609879620248535e+01
1.334501987279834445e+01
7.725133893604323987e+01
3.681895184451195036e+01
6.171131205445628609e+01
6.491118944377552680e+01
5.475524600426820143e+01
1.881048798103469366e+01
5.957807764255615979e+01
3.342202243747666301e+01
5.801103582212760301e+01
4.755633976294414111e+01
7.185029755706455035e+01
4.131252544053053555e+01
3.824573527565600983e+01
6.348583555309759419e+01
6.683632545597949104e+01
6.241800343288264230e+01
6.339461714658018110e+01
7.677156865726966828e+01
5.267648526068411741e+01
5.554144706603076287e+01
4.614601347420377309e+00
7.807675731197780067e+01
9.185205172510750415e+00
6.149227337790411241e+01
6.622624493244278199e+01
3.765586577116606293e+01
1.447443479201441008e+01
8.308199093013016068e+01
3.996301778861784015e+01
2.350943496466432947e+01
2.642264590191727081e+01
4.204876947619143834e+01
1.194308261836449425e+01
6.384695861814517315e+01
5.517920118323335288e+01
5.862733680321647967e+01
4.281426781099443701e+01
2.083708006988659633e+01
6.359401943665803714e+01
5.329058202537505906e+01
2.001729068868955252e+01
8.143639826804430015e+01
6.324080948416928294e+01
3.365774541015063193e+01
6.959190159348025873e+01
5.194240463163826149e+01
7.575382356702895947e+00
1.326518304107368529e+01
1.411783989411387275e+01
2.460954526150404575e+01
1.147947493102512873e+01
3.669011807603462216e+01
1.455356376590729717e+01
1.753779418860782258e+01
7.152258627802662261e+01
3.146176939616404056e+01
9.068726501104923443e+01
7.702008235658043134e+01
3.793448847571458060e+01
3.492806615939421278e+01
3.127923308737136665e+01
7.353623190438311497e+01
3.190057839376902393e+01
3.949998014484471298e+01
7.043370095128065600e+01
1.985103225629825374e+01
3.559750762480054842e+00
4.930014414129679068e+01
1.255209713943400018e+01
2.077746540023745681e+01
3.832275293593382770e+01
3.364963688297055455e+01
3.634002905599800926e+01
4.115701409798511889e+01
2.021633150961717007e+01
7.771588746125964065e+01
