5.763713259379959908e+01
3.697404618913320462e+01
6.233013832626949835e+01
3.049172797980432392e+01
6.310075485396263417e+01
4.285135549584482817e+01
6.111629371021918899e+01
6.590294146434899858e+01
3.086627461650579818e+01
5.700618620818936932e+01
1.784281760964513452e+01
1.221339317887018083e+01
3.923036259824692173e+00
9.314389355158834150e-01
2.227131636997767572e+01
2.440094970530636687e+01
5.991629165684166480e+01
9.223146707396448818e+00
3.987919217133406136e+01
1.343368131545002875e+01
1.279380057311854202e+01
2.241206512121501859e+01
1.261312759055975441e+01
5.127517589025234201e+01
3.484908044730327248e+01
4.183654693634385069e+01
5.323065418455509956e+01
3.124781553706737469e+01
2.474933123406523450e+01
2.539771692444200202e+00
5.311852876912546151e+01
6.384639619410975087e+01
3.753036849419638088e+01
3.853399976300107710e+01
3.344261261996453527e+01
2.723082222150645038e+01
5.761768510049127201e+01
2.554993064436245120e+01
5.418064030062600267e+01
1.517853024949263308e+01
1.961189927306723035e+01
1.607595256052302091e+01
1.624033060630683423e+01
5.924823662918411316e+01
5.809336384809763842e+01
4.442159548694164783e+01
2.416135511366077893e+01
4.806864780322800179e+00
5.686086894527274183e+01
4.235259232309868338e+01
9.217323115538484046e+00
