9.322143669498705876e+00
1.569208579462752340e+01
1.870270128634832218e+00
9.726834049491325018e+00
1.401376735833437870e+01
1.428158218613420338e+01
9.930608567906130446e+00
3.130822861681337166e+00
1.016040772814472970e-01
1.208145030565965250e+01
7.371203698567939666e-01
4.480848708355577692e+00
1.026500739926655292e+01
4.518001488577771396e-01
1.487540558953106817e+01
1.174545864378784499e+00
7.349813215472046579e+00
4.851990210408918536e+00
2.371088936063748154e+00
6.640250456863382666e+00
1.591787450211456978e+01
3.286780043716404975e+00
6.488702556028846047e+00
7.285175204754901657e+00
1.513418518724074779e+01
9.402483190197482799e+00
7.254175068193731590e+00
1.619126769697369461e+00
1.909873048378203819e+00
3.987977537091975222e+00
1.517751160703541302e+01
1.304140008787672933e+01
1.333635342205789698e+01
6.940476921914057407e+00
2.427577080267554255e+00
5.551266890307591240e+00
1.097524361482157040e+01
2.829201066237090778e+00
1.233571854417635727e+00
1.724360470590041272e+00
1.302659149204649935e+01
7.678971624089652614e+00
1.445971134623158960e+01
1.274025476854759731e+01
1.022772956943157219e+01
9.852259576237633709e+00
9.944284932306427294e+00
1.335223317433202439e+01
1.552485260199445882e+00
5.470713761327411717e+00
9.164853340392527414e+00
1.434190719987278939e+01
1.061811377154331737e+01
