1.751180400582212471e+00
1.290472679854503824e+01
2.486932817387259131e+00
8.491972577395161537e+00
5.988235680678134720e+00
6.606305199968772968e+00
6.427796461475150380e+00
1.535448369166799443e-01
2.862671355707794962e+00
6.281647675544555831e+00
6.049242459247564874e+00
2.887824979938947045e+00
1.223037341588419658e+01
5.962694921027471118e+00
1.027990674963799123e+01
1.123601011274579875e+01
2.198519954728713088e+00
1.078202700780505374e+01
4.494890472187242914e+00
2.841321543907254110e+00
1.061853075399837287e+01
1.280955156037169651e+01
9.499283929589868336e+00
7.393082650793227018e+00
4.484192610864313089e+00
2.803331675381517396e+00
1.032853134518676264e+01
9.050883320355380235e+00
2.004080970680466312e+00
1.161029043010647577e+01
4.873095601023488044e+00
8.273333147488605377e+00
1.881724653574709638e+00
5.705915827529727480e+00
3.654565966292919743e+00
3.965510671456595304e+00
4.169820834891067030e+00
9.979754761258588402e+00
1.191850990642557129e+01
4.370969253567874802e+00
7.937776015429205856e+00
8.668314646917716360e+00
1.651442555631424058e+00
2.130372960613909683e+00
3.619734670133008425e+00
5.838299496232931318e+00
4.838875969150699063e+00
4.328134409576147590e+00
1.655209896781756118e+00
6.854344646909716232e+00
8.422147140632375795e+00
9.144896261178045549e+00
5.741353730974140035e+00
