4.783013770149064214e+01
2.715900330700771548e+01
3.897721026050666637e+01
8.252820354270108183e+00
3.221979213567538380e+01
6.547032546088232152e+01
6.412759756532537381e+00
5.588316574472283094e+01
3.986588895831201995e+01
3.818368308277994316e+01
6.303599497907180194e+01
2.302507638649741395e+01
7.971374524866984501e+00
3.413119176485231776e+01
4.951390448176497472e+01
4.445643366845158262e+00
6.088498299942918379e+01
4.809336779121242955e+01
9.808415789518130978e+00
1.026378224107777193e+01
6.562853170827008853e+01
3.511583998715126143e+01
4.455911829638940702e+01
4.796481872620698539e+01
1.969861078458673020e+01
4.737599794239751816e+01
3.463324531211786450e+01
3.059991652284148955e+01
3.918483597367779936e+01
5.456721954577023581e+01
1.939284381472574026e+01
1.210999148228124334e+01
6.222599297101459115e+01
6.161442327003559427e+01
3.893526565136806994e+01
9.747790458987712015e+00
6.884275348874129286e+00
3.211215247843760068e+01
3.528836726417111880e+00
1.459956767586433113e+00
2.950714098404860763e+01
4.729625081536562448e+01
1.153970180835673354e+01
2.365478442618886845e+01
4.664334469630806979e+01
5.897138631830484456e+01
4.685582375598351490e+01
3.234271762281139928e+01
1.167871057946583235e+01
3.191713771387868093e+01
3.549976314862099969e+01
3.087983432693150476e+01
4.272776117839188714e+01
2.460811825289453836e+01
