8.287984304270906932e+00
1.921674478724628932e+00
1.611274350220628548e+01
1.011444880947578673e+00
8.047646436447292828e+00
1.540802589612716922e+01
1.272499330385688188e+00
1.118298152901578213e+01
8.762796050575676787e+00
1.268106445146467465e+01
2.476690340315219174e+00
6.204158578957765791e+00
6.937424715096806693e+00
1.235402222107666370e+00
3.947591072247708777e+00
1.257710066323420683e+01
1.591442519187775417e+01
4.015057465652786206e+00
2.166749907362930827e+00
6.509079414563505139e+00
6.710110437121453941e+00
1.159286215868589487e+01
1.546546204281303183e+01
9.436160947203164895e+00
4.689880252480108425e+00
2.693120441658815256e+00
9.741110257551694573e+00
1.487592272650307557e+01
9.500127934081358916e+00
7.418462202806360040e+00
1.754599368058954223e+00
4.414122631180305234e+00
1.809286969411672885e+00
8.749467971206611239e+00
5.585856826430199540e+00
1.171003501994011664e+01
7.052912783385122175e+00
1.230000320282693416e+01
1.239950295105209710e+00
3.324066903764965719e+00
9.011270278408012757e+00
1.547792714212613774e+01
1.321571911902965368e+01
6.073634242763920277e+00
8.239617985502754038e+00
1.277841802445042063e+01
4.711551247413860999e+00
1.236662490871237985e+01
2.809160720983556292e+00
9.159202259926765066e+00
1.309326976450067015e+01
2.195353709655663010e+00
1.308362655437095512e+01
