7.782225998384270760e+00
1.249485447861039766e+00
6.957302590762152406e+00
1.699061435032218270e+01
2.934018908974798734e+01
3.396670306794409555e+01
3.160604248231200231e+01
5.598305584725562056e+00
2.666201978544958706e+01
8.892286826921598220e+00
2.098533448925072520e+01
3.034748920530660143e+01
1.230925477137051338e+01
4.518892193610348329e+01
2.789719480346774105e+01
2.632926806341828652e+01
3.258004989253763739e+01
2.854517073691646445e+01
3.663351019418886523e+01
3.355334432703318015e+01
5.459704670499406776e-01
2.727807412652922281e+01
1.285381666018793112e+01
3.059957995220229776e+01
2.997566292455012515e+01
4.119228469930316550e+01
3.680197280774509494e+01
1.910329500884093079e+01
1.528093634257916200e+01
2.223303050215320908e+01
8.861730485585074035e+00
4.070203133355574465e+01
1.017191356150553361e+01
9.062170268749122570e+00
3.570540471232446578e+01
4.564899921393509175e+01
3.149967817894765432e+01
2.000829552055047600e+01
3.538800084259180778e+01
3.814685534265707645e+01
1.505572098229575051e+00
3.498939696410806022e+01
2.075414055153197879e+01
2.841679597753100239e+01
1.306082063596411302e+01
9.872076849994346759e-01
4.688013244597664197e+01
4.215989647518180305e+01
2.088761254604915507e+01
2.168024441452415374e+01
1.585514421070940116e+01
1.526032970786368281e+01
