1.317488137449317165e+01
1.360224253647692727e+01
1.242099642116185620e+01
1.592224282126820967e+01
7.714922087753848245e+00
9.767217089696767829e+00
3.963259083711012210e+00
1.835215756740107285e+00
1.422404010891234805e+01
1.260757406415396531e+01
8.954659837567321645e+00
9.166928460029012626e+00
1.327416716856749801e+01
1.450781657233288691e+01
6.201438798210562098e+00
5.032837232501893965e+00
1.204023593450930107e+01
3.265943315363758259e+00
1.464718542860130146e+00
1.434487358768052800e+01
8.120007269010105944e+00
1.523786441178187800e+01
8.416436940030423697e-02
2.944489449676229054e+00
3.414066307546780088e+00
1.117490049865794077e+01
6.777917109940402085e+00
1.045306385449804054e+01
1.471151778758566664e+01
1.596509672418215953e+00
1.065888214931180755e+01
4.667767940973428509e+00
8.255745841956207087e+00
8.931436168204374582e+00
1.532968017716982656e+00
5.428359597668566572e+00
1.185248583436731806e+01
1.571544626200664041e+01
2.992482612903714312e+00
8.486765532966030534e+00
3.446549864162160581e+00
7.312400813176234138e+00
4.607245267141680145e+00
4.308929748573848251e+00
3.539949226279232697e+00
3.893190497491076485e+00
5.963169980578148649e-02
9.720866675060502171e-01
1.635886762861546373e+01
1.247150305524008296e+01
1.424301623378178228e+01
1.290242915260664702e+01
