7.900324979878824649e+00
2.491475607059499442e+00
4.568462466138446310e+00
3.431709925639913283e+00
7.628163825931085107e+00
1.074769498255732536e+01
5.718743186289932945e-01
9.967593489933257445e+00
5.814388903732801595e+00
1.170006834981912114e+01
9.332750404509873032e-01
1.116961284027980028e+01
1.154155509883716313e+01
1.887461225735193038e+00
1.107864181748377064e+01
3.686588914818299756e+00
5.120357847622621084e-02
4.796029259537974432e-01
2.361517003070653598e+00
1.988962437406210093e-01
2.185227523396635618e-01
5.732651409977760792e+00
6.083626633792346361e+00
9.552577764890603618e+00
6.155771835050554586e+00
2.755767426198201253e+00
9.441254520569772879e+00
5.407668171956361292e-01
8.296904524328638786e+00
1.047412016306268789e+01
1.742546997477205872e+00
2.787773170649278320e+00
2.732636882790751010e+00
4.213257192347301228e+00
1.181744564294474920e+01
6.202994261220437622e+00
7.777008193311337081e+00
3.195281403444779844e+00
1.135116065161936838e+01
6.446302083203516275e+00
7.936850505653045840e-01
9.040815072352353710e+00
2.485393349647608385e+00
1.141827637029653353e+01
5.731736460176459325e+00
1.123496536129546186e+01
7.571939541146205599e+00
1.970586829800757389e+00
7.219461204531497645e-01
7.518845469968364448e+00
1.187748208279742634e+01
1.090120452013749563e+01
9.403820927419194176e-01
7.451121234400238658e-01
7.367349099681256064e+00
4.058940222466840275e+00
8.042527073173683760e+00
9.231529798015545296e+00
7.617261363223229442e-02
1.253024830297159997e-01
8.597831519548803314e+00
7.321210947810442349e+00
7.271150377493270867e+00
1.420324118463831553e+00
3.599549996964959586e+00
7.991659144838550333e+00
8.040646192525942482e+00
1.028212635568153743e+01
6.221188430852484963e+00
9.368524433619272784e+00
8.240031396739343483e-01
1.188381758914119501e+01
6.552838859462165821e+00
3.559230618592871487e+00
6.565413197503579212e+00
5.702740702545385787e+00
6.992138400012081867e+00
1.141703930113389553e+01
5.378868310233744232e+00
9.630272416839254390e+00
1.475246434132302165e+00
1.482966411620072256e+00
1.121735541283437598e+01
6.068631261917075470e+00
8.961452081611360754e+00
3.031281200638841877e+00
9.893251401437400006e+00
1.024501093794702733e+01
6.763896895017043498e+00
1.677904152727069054e+00
2.068666394222651306e+00
1.092188306044850421e+01
1.710739155640904841e+00
8.309995107875209897e+00
1.009967811130962545e+01
6.459853243749705598e+00
7.301380407773419456e+00
7.542559611312659840e+00
1.146327726719726381e-01
4.179994737056343723e+00
1.149933994611152199e+00
8.866808625950518774e+00
